Task
Skills
[5, 6]
[1, 5, 7]
[3, 5]
[5, 8]
[2, 5, 7]
[1, 2]
[2, 4, 7]
[1, 5]

Cost
8.0
15.0
9.0
10.0
8.0
16.0
6.0
2.0

Employee
Skills
[1, 2, 3, 5, 6, 7, 8]
[1, 2, 4, 5, 6, 7, 8]
[1, 2, 3, 5, 6, 8]
[1, 2, 3, 5, 7, 8]
[2, 3, 4, 5, 7, 8]
[1, 2, 4, 5, 6, 7, 8]
[1, 2, 3, 4, 5, 6, 8]
[1, 2, 4, 5, 6, 7, 8]
[1, 2, 3, 5, 6, 7, 8]
[1, 2, 3, 4, 5, 6, 8]
[1, 3, 4, 5, 6, 7, 8]

Salary
9012.0
11902.0
9623.0
8649.0
9590.0
10970.0
9349.0
10353.0
11031.0
10286.0
9974.0

Team
[0.5881127469773131, 1.0060132252551688, 0.6111452296830593, 0.7359805517679081, 0.3450844324559834, 0.9607247354567401, 1.7471967223606983, 0.9115577102192169, 1.5854988729852633, 0.5082469458048671, 0.306417606334503]
[1.0060132252551688, 0.23747296254889294, 0.9714731573801312, 0.4486066044857986, 1.530087865407075, 1.5348284051311676, 0.3022538909062382, 0.12818874913061729, 0.5075307457924187, 0.3063170059492277, 1.499101257298709]
[0.6111452296830593, 0.9714731573801312, 0.5327607846926927, 0.29387474261542446, 1.2702332725563528, 0.025456398440780514, 1.2312323665167106, 1.7610423544111082, 0.04783640696065672, 1.5316257919724812, 1.7964664480192978]
[0.7359805517679081, 0.4486066044857986, 0.29387474261542446, 0.27510301118227654, 1.4430841261547784, 1.0849606344262788, 1.860073864254358, 1.6829534474261563, 0.37889522489937555, 0.13686585479293978, 1.4326473727636748]
[0.3450844324559834, 1.530087865407075, 1.2702332725563528, 1.4430841261547784, 0.6887774894339658, 0.679230457978329, 0.6230869523746156, 0.34084001002042963, 0.10075296870250128, 0.3663361568519301, 0.37863779900985417]
[0.9607247354567401, 1.5348284051311676, 0.025456398440780514, 1.0849606344262788, 0.679230457978329, 0.7955927491812345, 0.0015997655049768689, 1.1056718302404496, 0.5140201741609518, 1.5814078797167568, 0.8296968407701542]
[1.7471967223606983, 0.3022538909062382, 1.2312323665167106, 1.860073864254358, 0.6230869523746156, 0.0015997655049768689, 1.9928249806058962, 0.8833016680865122, 0.049814197807386495, 0.39099008863284546, 1.8001246690067136]
[0.9115577102192169, 0.12818874913061729, 1.7610423544111082, 1.6829534474261563, 0.34084001002042963, 1.1056718302404496, 0.8833016680865122, 0.46503051185694577, 1.2350189847581774, 1.8386025913520903, 1.921215764368499]
[1.5854988729852633, 0.5075307457924187, 0.04783640696065672, 0.37889522489937555, 0.10075296870250128, 0.5140201741609518, 0.049814197807386495, 1.2350189847581774, 1.6392381842238724, 0.3460524494293278, 0.2634061684730349]
[0.5082469458048671, 0.3063170059492277, 1.5316257919724812, 0.13686585479293978, 0.3663361568519301, 1.5814078797167568, 0.39099008863284546, 1.8386025913520903, 0.3460524494293278, 0.4916324444900779, 1.1988161367686676]
[0.306417606334503, 1.499101257298709, 1.7964664480192978, 1.4326473727636748, 0.37863779900985417, 0.8296968407701542, 1.8001246690067136, 1.921215764368499, 0.2634061684730349, 1.1988161367686676, 1.4453569755670017]

TPG
[(7, 8), (6, 7), (2, 6), (2, 5), (4, 7), (2, 7), (3, 4), (3, 5), (1, 8), (2, 8)]
