Task
Skills
[3, 4, 5]
[1, 3, 4]
[2, 5, 7]
[2, 3]
[2, 4]

Cost
5.0
2.0
17.0
7.0
11.0

Employee
Skills
[1, 2, 3, 4, 5, 7]
[1, 2, 3, 4, 5, 6, 7]
[1, 2, 3, 5, 6, 7]
[1, 2, 3, 4, 5, 6]
[1, 2, 3, 4, 5, 6, 7]
[1, 3, 4, 5, 6, 7]
[1, 2, 4, 5, 6, 7]
[1, 2, 3, 4, 5, 6, 7]
[1, 2, 3, 4, 5, 6, 7]
[1, 2, 3, 4, 5, 6, 7]
[1, 2, 3, 4, 5, 6, 7]
[1, 2, 3, 4, 5, 6, 7]
[1, 2, 3, 4, 5, 6, 7]

Salary
11877.0
12108.0
7911.0
10369.0
10218.0
10271.0
9590.0
10961.0
9920.0
9784.0
11074.0
10465.0
9808.0

Team
[1.5989485302187447, 0.18697106567780097, 0.5602142352255448, 0.6536274074560822, 1.5879497560612141, 1.596730567722217, 0.21796045291467792, 0.9237216313171064, 1.0957615428476102, 1.8138556552782763, 0.3683537586318826, 1.1372393842703834, 1.2674731613044354]
[0.18697106567780097, 0.6100411103823289, 1.787385221815625, 1.8289725495273288, 1.2524150039488984, 1.6388035284762534, 0.3810867214590834, 1.40020525092311, 0.17693632403486292, 1.3270635785517664, 0.9547825596439099, 0.2299080157367912, 0.7168059423777056]
[0.5602142352255448, 1.787385221815625, 0.9762829435012133, 0.7905044253241638, 0.8654890576351639, 0.058674178976287905, 1.1789679575154672, 1.9591626184666335, 0.2052757234441649, 0.629082616080815, 0.7929445009072287, 1.0522925583852483, 0.31997390245089163]
[0.6536274074560822, 1.8289725495273288, 0.7905044253241638, 0.5684402564934896, 0.05207347786540928, 0.9522924534433195, 1.674133686487598, 1.935936060759014, 1.5624750837196737, 0.7792017570993361, 0.8797800253747545, 1.5743570157353322, 0.4587776376456243]
[1.5879497560612141, 1.2524150039488984, 0.8654890576351639, 0.05207347786540928, 0.3301120694990738, 0.07430648145484797, 1.1811437523964103, 1.380816477028848, 0.8685295966021378, 0.3547312048147897, 1.9624494568871282, 1.3495837274598557, 0.15211292724875403]
[1.596730567722217, 1.6388035284762534, 0.058674178976287905, 0.9522924534433195, 0.07430648145484797, 0.018690427192354475, 0.9162877448055471, 1.728127705495793, 0.9384336619008551, 0.542011235990935, 1.0430239766136, 1.7421041131622885, 1.3490629101962246]
[0.21796045291467792, 0.3810867214590834, 1.1789679575154672, 1.674133686487598, 1.1811437523964103, 0.9162877448055471, 0.49798906661061326, 0.7831239434462856, 1.7236664042230412, 0.39519381004299126, 0.4378964415921036, 0.532079075620083, 1.218460579239217]
[0.9237216313171064, 1.40020525092311, 1.9591626184666335, 1.935936060759014, 1.380816477028848, 1.728127705495793, 0.7831239434462856, 0.006010587219586361, 0.8003456016167014, 1.3478246806160459, 1.5911090395902026, 0.5695913408399798, 1.3026161056638403]
[1.0957615428476102, 0.17693632403486292, 0.2052757234441649, 1.5624750837196737, 0.8685295966021378, 0.9384336619008551, 1.7236664042230412, 0.8003456016167014, 1.1889618528192505, 0.26917143008371824, 0.5607679157297394, 1.2522560483426426, 0.39396993217096465]
[1.8138556552782763, 1.3270635785517664, 0.629082616080815, 0.7792017570993361, 0.3547312048147897, 0.542011235990935, 0.39519381004299126, 1.3478246806160459, 0.26917143008371824, 0.3552991276493185, 1.5041371119121325, 1.8454450103799793, 1.9638409863136457]
[0.3683537586318826, 0.9547825596439099, 0.7929445009072287, 0.8797800253747545, 1.9624494568871282, 1.0430239766136, 0.4378964415921036, 1.5911090395902026, 0.5607679157297394, 1.5041371119121325, 1.086483865977052, 0.7393571334065794, 0.7240236456090523]
[1.1372393842703834, 0.2299080157367912, 1.0522925583852483, 1.5743570157353322, 1.3495837274598557, 1.7421041131622885, 0.532079075620083, 0.5695913408399798, 1.2522560483426426, 1.8454450103799793, 0.7393571334065794, 0.8464244541422694, 0.373044798165749]
[1.2674731613044354, 0.7168059423777056, 0.31997390245089163, 0.4587776376456243, 0.15211292724875403, 1.3490629101962246, 1.218460579239217, 1.3026161056638403, 0.39396993217096465, 1.9638409863136457, 0.7240236456090523, 0.373044798165749, 1.0183501661759051]

TPG
[(3, 4), (2, 3), (3, 5), (2, 4), (1, 5), (4, 5), (1, 4), (1, 3), (2, 5), (1, 2)]