Task
Skills
[1, 4, 6]
[2, 6]
[1, 5]
[2, 4]
[5, 8]
[1, 7]
[1, 5]
[1, 2, 5]
[1, 4, 8]
[2, 5]
[1, 3, 4]
[4, 5]
[2, 7]
[1, 3, 4]
[4, 5, 6]
[1, 6, 8]
[4, 6, 8]
[3, 4]
[1, 7]
[1, 4, 5]

Cost
7.0
9.0
14.0
0.0
4.0
7.0
11.0
3.0
10.0
10.0
15.0
6.0
12.0
3.0
16.0
13.0
11.0
15.0
5.0
7.0

Employee
Skills
[7, 5, 8]
[5, 8, 2]
[2, 7, 5]
[3, 1, 6]
[3, 1, 4]
[6, 8, 2]
[8, 3, 6]
[3, 8, 5]
[8, 5, 6]
[5, 8, 1]

Salary
9949.0
9882.0
10029.0
10072.0
10250.0
9818.0
9928.0
9976.0
10053.0
10072.0

Team
[1.919160459324181, 0.8529930058987774, 0.6105265724064588, 1.5010990351880813, 1.4737285755229392, 1.9675735939480248, 0.1831727590154817, 0.9982875270053955, 0.850982708607745, 1.2302698665466596]
[0.8529930058987774, 1.0178536981814996, 0.7443126578016201, 0.8110855780253616, 1.0869935099851775, 0.8605644559996153, 1.6984309782840035, 1.5580634090438945, 1.278925006997476, 0.2657116013970331]
[0.6105265724064588, 0.7443126578016201, 0.12860598778900778, 1.8246011974464753, 1.937169812233241, 1.920160692187233, 0.46460506137107593, 1.045549072882408, 0.5083078529831011, 1.2390202507646226]
[1.5010990351880813, 0.8110855780253616, 1.8246011974464753, 1.2132507586466625, 1.8846159694705114, 1.064289079722209, 0.29171712827122565, 1.017032361095393, 1.9918732588553136, 0.6282521636720813]
[1.4737285755229392, 1.0869935099851775, 1.937169812233241, 1.8846159694705114, 1.8407430066416839, 0.41710662906842577, 1.3730613298861083, 0.08176663019576558, 0.8560084652854885, 1.5257655036969004]
[1.9675735939480248, 0.8605644559996153, 1.920160692187233, 1.064289079722209, 0.41710662906842577, 1.8180659735001437, 1.505047434524321, 1.1970331956284794, 1.231134646058145, 1.3498197851117766]
[0.1831727590154817, 1.6984309782840035, 0.46460506137107593, 0.29171712827122565, 1.3730613298861083, 1.505047434524321, 1.4008707195065058, 0.006179390362634818, 0.617790706474473, 1.5180016606145765]
[0.9982875270053955, 1.5580634090438945, 1.045549072882408, 1.017032361095393, 0.08176663019576558, 1.1970331956284794, 0.006179390362634818, 1.7668636256879924, 1.0191324549880407, 1.4488840042073303]
[0.850982708607745, 1.278925006997476, 0.5083078529831011, 1.9918732588553136, 0.8560084652854885, 1.231134646058145, 0.617790706474473, 1.0191324549880407, 1.2346639410058655, 0.2542021710943949]
[1.2302698665466596, 0.2657116013970331, 1.2390202507646226, 0.6282521636720813, 1.5257655036969004, 1.3498197851117766, 1.5180016606145765, 1.4488840042073303, 0.2542021710943949, 0.2689696007215854]

TPG
[(13, 20), (5, 7), (9, 20), (19, 20), (8, 12), (8, 17), (15, 16), (3, 4), (12, 17), (4, 16), (4, 13), (3, 9), (8, 15), (10, 13), (15, 18), (12, 18), (17, 19), (13, 15), (17, 20), (6, 16), (9, 15), (6, 13), (4, 5), (18, 20), (13, 19), (17, 18), (7, 10), (10, 16), (13, 16), (1, 3), (1, 6), (18, 19), (12, 13), (7, 15), (16, 20), (7, 19), (14, 16), (9, 11), (14, 20), (11, 20), (6, 7), (3, 11), (9, 10), (4, 8)]
